10 14
1.292471535229125 0.043647265348759 0.269259745551126 0.106274657828222 0.444679481974517 0.701413327200565 0.018390437355583 0.527599704540218 -0.166128799291114 0.059870625353559 
0.043647265348759 1.184391211018217 0.040176125679084 0.014982188221898 0.065140058698465 0.103973200349397 0.002355648094016 0.077098161858010 -0.030084127408826 0.006514616707476 
0.269259745551126 0.040176125679084 1.269387841614941 0.097207306899644 0.408506629243349 0.645239364114479 0.016650503968479 0.484545580272968 -0.156759687493114 0.053373941856248 
0.106274657828222 0.014982188221898 0.097207306899644 3.750587080508207 0.052733170544388 0.192267589679402 -0.027952608842341 0.045760700015841 -0.531684533412705 -0.193807521125958 
0.444679481974517 0.065140058698465 0.408506629243349 0.052733170544389 3.051140296235065 0.979285324212546 -0.020258400325050 0.598976210723217 -0.908763616729216 -0.209081468078469 
0.701413327200565 0.103973200349397 0.645239364114479 0.192267589679402 0.979285324212546 3.331440277239826 0.016371501324722 1.148437857082975 -0.775808191318214 -0.029021490067565 
0.018390437355583 0.002355648094016 0.016650503968479 -0.027952608842341 -0.020258400325050 0.016371501324722 4.713507176587767 -0.031480883567563 -0.219238176518976 -0.091728625696355 
0.527599704540218 0.077098161858010 0.484545580272968 0.045760700015841 0.598976210723217 1.148437857082975 -0.031480883567563 3.335290335276244 -1.179533084289601 -0.294404749936398 
-0.166128799291114 -0.030084127408826 -0.156759687493114 -0.531684533412705 -0.908763616729216 -0.775808191318214 -0.219238176518976 -1.179533084289601 4.062955850529048 -1.333491685184900 
0.059870625353559 0.006514616707476 0.053373941856248 -0.193807521125958 -0.209081468078469 -0.029021490067565 -0.091728625696355 -0.294404749936398 -1.333491685184900 4.572400336209403 
0.000000000000000 1.177887325849965 2.043005646017268 11.370462507280319 10.106328808272561 8.497094921763317 28.366163941888281 18.591961210892162 54.478886456856436 46.390294619589213 
0.000000000000000 0.000000000000000 0.000000000000000 0.000000000000000 0.000000000000000 0.000000000000000 0.000000000000000 0.000000000000000 0.000000000000000 0.000000000000000 