  3.7313535e+001  3.1580432e+001  6.3359495e+001  6.5816276e+001  1.5466877e+001  4.0536309e+001  3.6879814e+001  5.3493361e+001  5.8711968e+001  6.0131908e+001
  3.1580432e+001  2.8464241e+001  5.5101224e+001  5.7237788e+001  1.3450925e+001  3.5252810e+001  3.2072902e+001  4.6521041e+001  5.1059455e+001  5.2294320e+001
  6.3359495e+001  5.5101224e+001  1.1154902e+002  1.1483558e+002  2.6986453e+001  7.0727347e+001  6.4347532e+001  9.3334683e+001  1.0244006e+002  1.0491755e+002
  6.5816276e+001  5.7237788e+001  1.1483558e+002  1.2028836e+002  2.8032859e+001  7.3469819e+001  6.6842624e+001  9.6953760e+001  1.0641220e+002  1.0898576e+002
  1.5466877e+001  1.3450925e+001  2.6986453e+001  2.8032859e+001  7.5877441e+000  1.7265465e+001  1.5708069e+001  2.2784210e+001  2.5006950e+001  2.5611739e+001
  4.0536309e+001  3.5252810e+001  7.0727347e+001  7.3469819e+001  1.7265465e+001  4.6250133e+001  4.1168437e+001  5.9713915e+001  6.5539376e+001  6.7124435e+001
  3.6879814e+001  3.2072902e+001  6.4347532e+001  6.6842624e+001  1.5708069e+001  4.1168437e+001  3.8454923e+001  5.4327544e+001  5.9627531e+001  6.1069613e+001
  5.3493361e+001  4.6521041e+001  9.3334683e+001  9.6953760e+001  2.2784210e+001  5.9713915e+001  5.4327544e+001  7.9800911e+001  8.6488426e+001  8.8580134e+001
  5.8711968e+001  5.1059455e+001  1.0244006e+002  1.0641220e+002  2.5006950e+001  6.5539376e+001  5.9627531e+001  8.6488426e+001  9.5925905e+001  9.7221672e+001
  6.0131908e+001  5.2294320e+001  1.0491755e+002  1.0898576e+002  2.5611739e+001  6.7124435e+001  6.1069613e+001  8.8580134e+001  9.7221672e+001  1.0142331e+002
  2.7602508e+000
  6.7970268e+000
  6.5509800e+000
  1.6261174e+000
  1.1899768e+000
  4.9836405e+000
  9.5974396e+000
  3.4038573e+000
  5.8526775e+000
  2.2381194e+000
  1.0000000e+000  5.0000000e-001  3.3333333e-001  2.5000000e-001  2.0000000e-001  1.6666667e-001  1.4285714e-001  1.2500000e-001  1.1111111e-001  1.0000000e-001
  5.0000000e-001  3.3333333e-001  2.5000000e-001  2.0000000e-001  1.6666667e-001  1.4285714e-001  1.2500000e-001  1.1111111e-001  1.0000000e-001  9.0909091e-002
  3.3333333e-001  2.5000000e-001  2.0000000e-001  1.6666667e-001  1.4285714e-001  1.2500000e-001  1.1111111e-001  1.0000000e-001  9.0909091e-002  8.3333333e-002
  2.5000000e-001  2.0000000e-001  1.6666667e-001  1.4285714e-001  1.2500000e-001  1.1111111e-001  1.0000000e-001  9.0909091e-002  8.3333333e-002  7.6923077e-002
  2.0000000e-001  1.6666667e-001  1.4285714e-001  1.2500000e-001  1.1111111e-001  1.0000000e-001  9.0909091e-002  8.3333333e-002  7.6923077e-002  7.1428571e-002
  1.6666667e-001  1.4285714e-001  1.2500000e-001  1.1111111e-001  1.0000000e-001  9.0909091e-002  8.3333333e-002  7.6923077e-002  7.1428571e-002  6.6666667e-002
  1.4285714e-001  1.2500000e-001  1.1111111e-001  1.0000000e-001  9.0909091e-002  8.3333333e-002  7.6923077e-002  7.1428571e-002  6.6666667e-002  6.2500000e-002
  1.2500000e-001  1.1111111e-001  1.0000000e-001  9.0909091e-002  8.3333333e-002  7.6923077e-002  7.1428571e-002  6.6666667e-002  6.2500000e-002  5.8823529e-002
  1.1111111e-001  1.0000000e-001  9.0909091e-002  8.3333333e-002  7.6923077e-002  7.1428571e-002  6.6666667e-002  6.2500000e-002  5.8823529e-002  5.5555556e-002
  1.0000000e-001  9.0909091e-002  8.3333333e-002  7.6923077e-002  7.1428571e-002  6.6666667e-002  6.2500000e-002  5.8823529e-002  5.5555556e-002  5.2631579e-002
 -1.8670858e-001
  7.2579055e-001
 -5.8831654e-001
  2.1831858e+000
 -1.3639588e-001
  1.1393131e-001
  1.0667682e+000
  5.9281461e-002
 -9.5648405e-002
 -8.3234946e-001
