0.716852 0.332911 -0.047486 0.254658 0.322670 0.094021 -0.221071 0.305971 -0.138675 0.183059 
-0.305971 0.359745 -0.051313 0.275185 0.348679 0.101600 -0.238890 -0.669366 -0.149852 0.197814 
-0.047486 0.055831 0.992036 0.042708 0.054114 0.015768 -0.037075 0.051313 -0.023257 0.030700 
0.254658 -0.299414 0.042708 0.770966 -0.290203 -0.084561 0.198827 -0.275185 0.124721 -0.164640 
0.322670 -0.379379 0.054114 -0.290203 0.632291 -0.107145 0.251928 -0.348679 0.158031 -0.208610 
0.094021 -0.110545 0.015768 -0.084561 -0.107145 0.968780 0.073408 -0.101600 0.046048 -0.060786 
-0.221071 0.259924 -0.037075 0.198827 0.251928 0.073408 0.827397 0.238890 -0.108272 0.142925 
-0.332911 -0.608580 -0.055831 0.299414 0.379379 0.110545 -0.259924 0.359745 -0.163046 0.215231 
-0.138675 0.163046 -0.023257 0.124721 0.158031 0.046048 -0.108272 0.149852 0.932083 0.089655 
0.183059 -0.215231 0.030700 -0.164640 -0.208610 -0.060786 0.142925 -0.197814 0.089655 0.881650 
