10 15
0.000000000648836 0.000000000186259 -0.000000000188166 0.000000000339439 -0.000000000295133 -0.000000000032399 -0.000000000012339 -0.000000000023547 0.000000000062257 -0.000000000001261 
0.000000000186259 0.000000000465407 -0.000000000207488 0.000000000144760 -0.000000000295674 -0.000000000038837 -0.000000000057037 -0.000000000041864 0.000000000008575 -0.000000000048966 
-0.000000000188166 -0.000000000207488 0.000000001113982 -0.000000000094771 -0.000000000304945 -0.000000000048026 -0.000000000114656 -0.000000000066012 -0.000000000058384 -0.000000000110115 
0.000000000339439 0.000000000144760 -0.000000000094771 0.000000000296573 -0.000000000156458 -0.000000000015501 0.000000000005185 -0.000000000007687 0.000000000047124 0.000000000011852 
-0.000000000295133 -0.000000000295674 -0.000000000304945 -0.000000000156458 0.000000001178081 -0.000000000062084 -0.000000000153686 -0.000000000087100 -0.000000000084028 -0.000000000148491 
-0.000000000032399 -0.000000000038837 -0.000000000048026 -0.000000000015501 -0.000000000062084 0.000000001224231 -0.000000000022475 -0.000000000013085 -0.000000000010842 -0.000000000021492 
-0.000000000012339 -0.000000000057037 -0.000000000114656 0.000000000005185 -0.000000000153686 -0.000000000022475 0.000000000785342 -0.000000000028315 -0.000000000014840 -0.000000000042563 
-0.000000000023547 -0.000000000041864 -0.000000000066012 -0.000000000007687 -0.000000000087100 -0.000000000013085 -0.000000000028315 0.000000000963834 -0.000000000011337 -0.000000000026718 
0.000000000062257 0.000000000008575 -0.000000000058384 0.000000000047124 -0.000000000084028 -0.000000000010842 -0.000000000014840 -0.000000000011337 0.000000000416225 -0.000000000012454 
-0.000000000001261 -0.000000000048966 -0.000000000110115 0.000000000011852 -0.000000000148491 -0.000000000021492 -0.000000000042563 -0.000000000026718 -0.000000000012454 0.000000000741962 
0.000000000000000 0.000000000454137 0.000000002703382 0.000000000196101 0.000000006259028 0.000000006169424 0.000000004986090 0.000000006866126 0.000000003297114 0.000000007032732 
0.000000000000000 0.000000000000000 0.000000000000000 0.000000000000000 0.000000000000000 0.000000000000000 0.000000000000000 0.000000000000000 0.000000000000000 0.000000000000000 